1757	5300	5296	5299	4683	4687	4681	4685	4691	4692	4697	4688	4684	4693	5295	5288	4686	4682	1947	1871	1939	4689	1946	4690	4285	4694	4695	4696	1940	1876	4166	1941	4219	4292	4294	4293
2899	2690	243	83	196	197	82	4541	4540	4542	4632	3889	3773	290	292	2629	291	2615	3122	3808	3561	293	288	3222	2616	3123	4165	294	215	289	3689	287	151	3410	600	601	3155	603	3156	602	608	3733	207	2705	4394	4352	270	3015	611	696	274	208	605	607	647	604	4353	631	4355	269	4329	4356	3864	268	281	278	613	685	679	612	648	273	286	697	111	4328	4401	3756	4381	585	632	276	4333	4391	650	2617	615	3124	617	220	634	4395	277	4396	272	4377	285	4330	4340	4386	619	4362	271	4359	649	4358	4332	4397	646	145	261	4357	280	2962	4387	265	586	633	630	4354	4339	2618	3125	618	4374	588	655	609	616	693	191	3559	4376	4336	4335	4385	4334	4384	651	4375	4367	639	283	4345	284	587	653	654	4331	4400	4399	584	4363	635	4341	279	264	282	263	275	4398	4390	262	4380	4389	610	4379	3865	4365	4366	4343	4344	637	638	4388	4378	620	652	4361	623	4403	622	100	4364	267	4360	4342	659	4393	636	4383	4402	658	593	657	4371	266	589	656	4349	4370	4369	4392	4368	4348	643	4347	4338	4382	592	591	4346	642	641	621	614	640	4337	606	627	4704	626	625	624	661	4373	4351	590	4372	597	660	645	596	595	594	4350	644	629	628	599	598	166	236	2995	235	168	169	165	163	170	167	162	164	237	216	103	188	3708	576	575	536	535	581	580	578	538	238	577	574	583	550	3127	551	534	537	570	571	582	204	565	579	566	560	561	553	573	552	572	549	569	568	567	563	562	564	559	540	555	516	541	556	517	530	545	525	531	546	526	557	542	518	554	539	506	558	515	543	547	532	476	519	507	529	544	527	371	491	533	548	524	3732	520	528	508	478	511	505	373	521	493	512	411	509	681	479	451	108	475	477	522	374	370	494	513	372	3126	684	490	492	480	510	465	426	413	686	453	112	375	466	523	482	495	514	410	376	483	412	450	440	497	414	452	110	428	386	454	499	377	441	467	182	498	3428	142	484	356	425	469	427	415	341	429	455	442	488	144	379	382	378	388	496	422	487	146	321	381	503	417	683	459	489	295	185	486	457	444	380	383	418	358	387	501	462	500	430	114	502	470	385	458	322	481	485	109	420	324	468	343	400	401	437	298	456	443	357	389	423	432	447	445	296	355	419	416	384	325	320	663	474	397	433	421	436	342	472	449	473	297	367	504	666	98	359	340	352	392	299	463	448	344	393	682	99	331	471	311	301	362	327	439	464	361	434	347	303	346	363	402	348	405	150	390	435	183	330	310	184	323	302	391	424	461	396	187	460	360	438	306	332	312	326	366	328	403	345	404	395	398	351	407	334	329	314	305	431	399	446	365	335	368	315	300	350	143	353	408	369	394	97	354	409	2879	2637	116	304	308	364	668	102	349	333	406	313	337	309	317	307	664	96	338	3560	318	115	339	319	336	316	231	230	104	200	224	3788	101	3409	84	667	186	5206	228	192	3687	3807	2887	2886	690	189	117	694	5248	5251	221	687	3766	5244	698	245	113	147	5264	3887	206	3470	3556	209	3748	257	3076	3929	2994	675	3479	3142	3360	665	239	4300	233	1299	3557	2894	4021	4022	3242	707	3944	3287	1835	1104	4846	1529	1473	1836	2918	751	721	2259	5019	2961	4083	2989	1167	1842	1841	4833	2305	877	1165	3200	5098	1169	4950	3690	5	1027	2193	4848	4112	725	4030	3258	3241	2622	1162	4849	3226	69	4948	1305	4062	2195	1307	1314	1310	4838	1565	4751	2593	3020	976	4774	849	5215	840	2884	2932	2204	2190	1317	3128	3852	2029	3801	2591	3976	2907	2587	3950	28	1137	3945	841	844	1037	4902	1388	839	4801	3984	842	3509	838	843	836	837	4901	4899	2040	22	25	23	845	26	848	847	24	846	2273	1833	2909	3398	9	2399	10	3985	4927	50	4992	3290	4906	3296	5085	5115	4937	20	5132	1387	4980	4870	5168	5169	4837	4967	4921	4905	4869	5004	2594	5112	4872	4960	3399	4949	4970	5148	13	17	15	3269	4800	4842	5127	4979	5171	5166	4871	3285	4843	3295	5133	712	8	5113	4969	4935	4907	11	4966	5003	4971	4990	5006	2260	4820	4818	16	5000	5122	5117	5104	715	4924	51	49	5008	4752	4845	2698	4925	4840	4904	1449	2200	4991	4847	1192	18	3402	1960	5111	4835	4858	5007	4859	4968	1786	4857	5118	19	5131	14	1341	2407	3469	251	3672	223	3683	124	5163	5164	4145	1872	2208	1012	3072	2669	874	2635	1750	2993
27	41	53	709	722	726	740	741	742	744	752	754	758	759	760	761	762	772	773	776	778	850	983	1004	1091	1092	1093	1094	1190	1191	1193	1194	1195	1196	1199	1201	1202	1231	1232	1237	1240	1262	1263	1264	1269	1275	1278	1301	1358	1359	1365	1367	1368	1369	1371	1398	1462	1464	1466	1474	1486	1492	1526	1546	1587	1936	1954	1955	1956	1957	1978	1981	1998	2031	2032	2033	2035	2036	2171	2176	2179	2263	2266	2297	2298	2299	2300	2302	2337	2338	2339	2340	2388	2393	2419	2428	2454	2460	2461	2462	2463	2464	2465	2466	2467	2468	2469	2470	2476	2477	2480	2481	2482	2483	2488	2489	2490	2491	2492	2493	2495	2497	2498	2499	2501	2503	2504	2505	2506	2507	2508	2509	2510	2511	2512	2513	2514	2515	2516	2517	2518	2519	2520	2521	2522	2523	2524	2525	2526	2527	2528	2529	2530	2531	2532	2538	2542	2543	2552	2567	2621	2736	2817	2874	2875	2895	2908	2960	2988	2990	3022	3024	3037	3038	3045	3055	3116	3117	3158	3202	3332	3333	3334	3335	3346	3347	3355	3356	3388	3435	3436	3437	3438	3439	3441	3442	3443	3444	3445	3446	3456	3457	3458	3459	3460	3815	3868	3913	3947	3949	3971	3983	4006	4019	4031	4033	4046	4056	4060	4061	4088	4096	4106	4109	4113	4114	4218	4807	4841	4961	4964	5232
30	738	739	777	781	851	854	860	2145	2148	2455	2456	2457	2458	2459	2471	2472	2473	2474	2475	2478	2484	2485	2486	2487	2494	2496	2500	2502	2533	2534	2535	2536	2537	2539	2540	2541	2544	2545	2546	2547	2548	2553	2554	2555	2704	3580	3581	3990	4041	4045	4797	5143	5292
2611	2687	2688	4133	4154	4155	4215	4658	4659	4660	4661	4662	4664	4665	4666	4667	4668	4669	4670	4671	4672	4673	4674	4675	4677	4680
4410	4411	4417	4450	4451	4455	4458
5307
5306
5305
5304
5303
5302
5301
5298
5297
5294
5293
5291
5290
5289
5287
5286
5285
5284
5283
5282
5281
5280
5279
5278
5277
5276
5275
5274
5273
5272
5271
5270
5269
5268
5267
5266
5265
5263
5262
5261
5260
5259
5258
5257
5256
5255
5254
5253
5252
5250
5249
5247
5246
5245
5243
5242
5241
5240
5239
5238
5237
5236
5235
5234
5233
5231
5230
5229
5228
5227
5226
5225
5224
5223
5222
5221
5220
5219
5218
5217
5216
5214
5213
5212
5211
5210
5209
5208
5207
5205
5204
5203
5202
5201
5200
5199
5198
5197
5196
5195
5194
5193
5192
5191
5190
5189
5188
5187
5186
5185
5184
5183
5182
5181
5180
5179
5178
5177
5176
5175
5174
5173
5172
5170
5167
5165
5162
5161
5160
5159
5158
5157
5156
5155
5154
5153
5152
5151
5150
5149
5147
5146
5145
5144
5142
5141
5140
5139
5138
5137
5136
5135
5134
5130
5129
5128
5126
5125
5124
5123
5121
5120
5119
5116
5114
5110
5109
5108
5107
5106
5105
5103
5102
5101
5100
5099
5097
5096
5095
5094
5093
5092
5091
5090
5089
5088
5087
5086
5084
5083
5082
5081
5080
5079
5078
5077
5076
5075
5074
5073
5072
5071
5070
5069
5068
5067
5066
5065
5064
5063
5062
5061
5060
5059
5058
5057
5056
5055
5054
5053
5052
5051
5050
5049
5048
5047
5046
5045
5044
5043
5042
5041
5040
5039
5038
5037
5036
5035
5034
5033
5032
5031
5030
5029
5028
5027
5026
5025
5024
5023
5022
5021
5020
5018
5017
5016
5015
5014
5013
5012
5011
5010
5009
5005
5002
5001
4999
4998
4997
4996
4995
4994
4993
4989
4988
4987
4986
4985
4984
4983
4982
4981
4978
4977
4976
4975
4974
4973
4972
4965
4963
4962
4959
4958
4957
4956
4955
4954
4953
4952
4951
4947
4946
4945
4944
4943
4942
4941
4940
4939
4938
4936
4934
4933
4932
4931
4930
4929
4928
4926
4923
4922
4920
4919
4918
4917
4916
4915
4914
4913
4912
4911
4910
4909
4908
4903
4900
4898
4897
4896
4895
4894
4893
4892
4891
4890
4889
4888
4887
4886
4885
4884
4883
4882
4881
4880
4879
4878
4877
4876
4875
4874
4873
4868
4867
4866
4865
4864
4863
4862
4861
4860
4856
4855
4854
4853
4852
4851
4850
4844
4839
4836
4834
4832
4831
4830
4829
4828
4827
4826
4825
4824
4823
4822
4821
4819
4817
4816
4815
4814
4813
4812
4811
4810
4809
4808
4806
4805
4804
4803
4802
4799
4798
4796
4795
4794
4793
4792
4791
4790
4789
4788
4787
4786
4785
4784
4783
4782
4781
4780
4779
4778
4777
4776
4775
4773
4772
4771
4770
4769
4768
4767
4766
4765
4764
4763
4762
4761
4760
4759
4758
4757
4756
4755
4754
4753
4750
4749
4748
4747
4746
4745
4744
4743
4742
4741
4740
4739
4738
4737
4736
4735
4734
4733
4732
4731
4730
4729
4728
4727
4726
4725
4724
4723
4722
4721
4720
4719
4718
4717
4716
4715
4714
4713
4712
4711
4710
4709
4708
4707
4706
4705
4703
4702
4701
4700
4699
4698
4679
4678
4676
4663
4657
4656
4655
4654
4653
4652
4651
4650
4649
4648
4647
4646
4645
4644
4643
4642
4641
4640
4639
4638
4637
4636
4635
4634
4633
4631
4630
4629
4628
4627
4626
4625
4624
4623
4622
4621
4620
4619
4618
4617
4616
4615
4614
4613
4612
4611
4610
4609
4608
4607
4606
4605
4604
4603
4602
4601
4600
4599
4598
4597
4596
4595
4594
4593
4592
4591
4590
4589
4588
4587
4586
4585
4584
4583
4582
4581
4580
4579
4578
4577
4576
4575
4574
4573
4572
4571
4570
4569
4568
4567
4566
4565
4564
4563
4562
4561
4560
4559
4558
4557
4556
4555
4554
4553
4552
4551
4550
4549
4548
4547
4546
4545
4544
4543
4539
4538
4537
4536
4535
4534
4533
4532
4531
4530
4529
4528
4527
4526
4525
4524
4523
4522
4521
4520
4519
4518
4517
4516
4515
4514
4513
4512
4511
4510
4509
4508
4507
4506
4505
4504
4503
4502
4501
4500
4499
4498
4497
4496
4495
4494
4493
4492
4491
4490
4489
4488
4487
4486
4485
4484
4483
4482
4481
4480
4479
4478
4477
4476
4475
4474
4473
4472
4471
4470
4469
4468
4467
4466
4465
4464
4463
4462
4461
4460
4459
4457
4456
4454
4453
4452
4449
4448
4447
4446
4445
4444
4443
4442
4441
4440
4439
4438
4437
4436
4435
4434
4433
4432
4431
4430
4429
4428
4427
4426
4425
4424
4423
4422
4421
4420
4419
4418
4416
4415
4414
4413
4412
4409
4408
4407
4406
4405
4404
4327
4326
4325
4324
4323
4322
4321
4320
4319
4318
4317
4316
4315
4314
4313
4312
4311
4310
4309
4308
4307
4306
4305
4304
4303
4302
4301
4299
4298
4297
4296
4295
4291
4290
4289
4288
4287
4286
4284
4283
4282
4281
4280
4279
4278
4277
4276
4275
4274
4273
4272
4271
4270
4269
4268
4267
4266
4265
4264
4263
4262
4261
4260
4259
4258
4257
4256
4255
4254
4253
4252
4251
4250
4249
4248
4247
4246
4245
4244
4243
4242
4241
4240
4239
4238
4237
4236
4235
4234
4233
4232
4231
4230
4229
4228
4227
4226
4225
4224
4223
4222
4221
4220
4217
4216
4214
4213
4212
4211
4210
4209
4208
4207
4206
4205
4204
4203
4202
4201
4200
4199
4198
4197
4196
4195
4194
4193
4192
4191
4190
4189
4188
4187
4186
4185
4184
4183
4182
4181
4180
4179
4178
4177
4176
4175
4174
4173
4172
4171
4170
4169
4168
4167
4164
4163
4162
4161
4160
4159
4158
4157
4156
4153
4152
4151
4150
4149
4148
4147
4146
4144
4143
4142
4141
4140
4139
4138
4137
4136
4135
4134
4132
4131
4130
4129
4128
4127
4126
4125
4124
4123
4122
4121
4120
4119
4118
4117
4116
4115
4111
4110
4108
4107
4105
4104
4103
4102
4101
4100
4099
4098
4097
4095
4094
4093
4092
4091
4090
4089
4087
4086
4085
4084
4082
4081
4080
4079
4078
4077
4076
4075
4074
4073
4072
4071
4070
4069
4068
4067
4066
4065
4064
4063
4059
4058
4057
4055
4054
4053
4052
4051
4050
4049
4048
4047
4044
4043
4042
4040
4039
4038
4037
4036
4035
4034
4032
4029
4028
4027
4026
4025
4024
4023
4020
4018
4017
4016
4015
4014
4013
4012
4011
4010
4009
4008
4007
4005
4004
4003
4002
4001
4000
3999
3998
3997
3996
3995
3994
3993
3992
3991
3989
3988
3987
3986
3982
3981
3980
3979
3978
3977
3975
3974
3973
3972
3970
3969
3968
3967
3966
3965
3964
3963
3962
3961
3960
3959
3958
3957
3956
3955
3954
3953
3952
3951
3948
3946
3943
3942
3941
3940
3939
3938
3937
3936
3935
3934
3933
3932
3931
3930
3928
3927
3926
3925
3924
3923
3922
3921
3920
3919
3918
3917
3916
3915
3914
3912
3911
3910
3909
3908
3907
3906
3905
3904
3903
3902
3901
3900
3899
3898
3897
3896
3895
3894
3893
3892
3891
3890
3888
3886
3885
3884
3883
3882
3881
3880
3879
3878
3877
3876
3875
3874
3873
3872
3871
3870
3869
3867
3866
3863
3862
3861
3860
3859
3858
3857
3856
3855
3854
3853
3851
3850
3849
3848
3847
3846
3845
3844
3843
3842
3841
3840
3839
3838
3837
3836
3835
3834
3833
3832
3831
3830
3829
3828
3827
3826
3825
3824
3823
3822
3821
3820
3819
3818
3817
3816
3814
3813
3812
3811
3810
3809
3806
3805
3804
3803
3802
3800
3799
3798
3797
3796
3795
3794
3793
3792
3791
3790
3789
3787
3786
3785
3784
3783
3782
3781
3780
3779
3778
3777
3776
3775
3774
3772
3771
3770
3769
3768
3767
3765
3764
3763
3762
3761
3760
3759
3758
3757
3755
3754
3753
3752
3751
3750
3749
3747
3746
3745
3744
3743
3742
3741
3740
3739
3738
3737
3736
3735
3734
3731
3730
3729
3728
3727
3726
3725
3724
3723
3722
3721
3720
3719
3718
3717
3716
3715
3714
3713
3712
3711
3710
3709
3707
3706
3705
3704
3703
3702
3701
3700
3699
3698
3697
3696
3695
3694
3693
3692
3691
3688
3686
3685
3684
3682
3681
3680
3679
3678
3677
3676
3675
3674
3673
3671
3670
3669
3668
3667
3666
3665
3664
3663
3662
3661
3660
3659
3658
3657
3656
3655
3654
3653
3652
3651
3650
3649
3648
3647
3646
3645
3644
3643
3642
3641
3640
3639
3638
3637
3636
3635
3634
3633
3632
3631
3630
3629
3628
3627
3626
3625
3624
3623
3622
3621
3620
3619
3618
3617
3616
3615
3614
3613
3612
3611
3610
3609
3608
3607
3606
3605
3604
3603
3602
3601
3600
3599
3598
3597
3596
3595
3594
3593
3592
3591
3590
3589
3588
3587
3586
3585
3584
3583
3582
3579
3578
3577
3576
3575
3574
3573
3572
3571
3570
3569
3568
3567
3566
3565
3564
3563
3562
3558
3555
3554
3553
3552
3551
3550
3549
3548
3547
3546
3545
3544
3543
3542
3541
3540
3539
3538
3537
3536
3535
3534
3533
3532
3531
3530
3529
3528
3527
3526
3525
3524
3523
3522
3521
3520
3519
3518
3517
3516
3515
3514
3513
3512
3511
3510
3508
3507
3506
3505
3504
3503
3502
3501
3500
3499
3498
3497
3496
3495
3494
3493
3492
3491
3490
3489
3488
3487
3486
3485
3484
3483
3482
3481
3480
3478
3477
3476
3475
3474
3473
3472
3471
3468
3467
3466
3465
3464
3463
3462
3461
3455
3454
3453
3452
3451
3450
3449
3448
3447
3440
3434
3433
3432
3431
3430
3429
3427
3426
3425
3424
3423
3422
3421
3420
3419
3418
3417
3416
3415
3414
3413
3412
3411
3408
3407
3406
3405
3404
3403
3401
3400
3397
3396
3395
3394
3393
3392
3391
3390
3389
3387
3386
3385
3384
3383
3382
3381
3380
3379
3378
3377
3376
3375
3374
3373
3372
3371
3370
3369
3368
3367
3366
3365
3364
3363
3362
3361
3359
3358
3357
3354
3353
3352
3351
3350
3349
3348
3345
3344
3343
3342
3341
3340
3339
3338
3337
3336
3331
3330
3329
3328
3327
3326
3325
3324
3323
3322
3321
3320
3319
3318
3317
3316
3315
3314
3313
3312
3311
3310
3309
3308
3307
3306
3305
3304
3303
3302
3301
3300
3299
3298
3297
3294
3293
3292
3291
3289
3288
3286
3284
3283
3282
3281
3280
3279
3278
3277
3276
3275
3274
3273
3272
3271
3270
3268
3267
3266
3265
3264
3263
3262
3261
3260
3259
3257
3256
3255
3254
3253
3252
3251
3250
3249
3248
3247
3246
3245
3244
3243
3240
3239
3238
3237
3236
3235
3234
3233
3232
3231
3230
3229
3228
3227
3225
3224
3223
3221
3220
3219
3218
3217
3216
3215
3214
3213
3212
3211
3210
3209
3208
3207
3206
3205
3204
3203
3201
3199
3198
3197
3196
3195
3194
3193
3192
3191
3190
3189
3188
3187
3186
3185
3184
3183
3182
3181
3180
3179
3178
3177
3176
3175
3174
3173
3172
3171
3170
3169
3168
3167
3166
3165
3164
3163
3162
3161
3160
3159
3157
3154
3153
3152
3151
3150
3149
3148
3147
3146
3145
3144
3143
3141
3140
3139
3138
3137
3136
3135
3134
3133
3132
3131
3130
3129
3121
3120
3119
3118
3115
3114
3113
3112
3111
3110
3109
3108
3107
3106
3105
3104
3103
3102
3101
3100
3099
3098
3097
3096
3095
3094
3093
3092
3091
3090
3089
3088
3087
3086
3085
3084
3083
3082
3081
3080
3079
3078
3077
3075
3074
3073
3071
3070
3069
3068
3067
3066
3065
3064
3063
3062
3061
3060
3059
3058
3057
3056
3054
3053
3052
3051
3050
3049
3048
3047
3046
3044
3043
3042
3041
3040
3039
3036
3035
3034
3033
3032
3031
3030
3029
3028
3027
3026
3025
3023
3021
3019
3018
3017
3016
3014
3013
3012
3011
3010
3009
3008
3007
3006
3005
3004
3003
3002
3001
3000
2999
2998
2997
2996
2992
2991
2987
2986
2985
2984
2983
2982
2981
2980
2979
2978
2977
2976
2975
2974
2973
2972
2971
2970
2969
2968
2967
2966
2965
2964
2963
2959
2958
2957
2956
2955
2954
2953
2952
2951
2950
2949
2948
2947
2946
2945
2944
2943
2942
2941
2940
2939
2938
2937
2936
2935
2934
2933
2931
2930
2929
2928
2927
2926
2925
2924
2923
2922
2921
2920
2919
2917
2916
2915
2914
2913
2912
2911
2910
2906
2905
2904
2903
2902
2901
2900
2898
2897
2896
2893
2892
2891
2890
2889
2888
2885
2883
2882
2881
2880
2878
2877
2876
2873
2872
2871
2870
2869
2868
2867
2866
2865
2864
2863
2862
2861
2860
2859
2858
2857
2856
2855
2854
2853
2852
2851
2850
2849
2848
2847
2846
2845
2844
2843
2842
2841
2840
2839
2838
2837
2836
2835
2834
2833
2832
2831
2830
2829
2828
2827
2826
2825
2824
2823
2822
2821
2820
2819
2818
2816
2815
2814
2813
2812
2811
2810
2809
2808
2807
2806
2805
2804
2803
2802
2801
2800
2799
2798
2797
2796
2795
2794
2793
2792
2791
2790
2789
2788
2787
2786
2785
2784
2783
2782
2781
2780
2779
2778
2777
2776
2775
2774
2773
2772
2771
2770
2769
2768
2767
2766
2765
2764
2763
2762
2761
2760
2759
2758
2757
2756
2755
2754
2753
2752
2751
2750
2749
2748
2747
2746
2745
2744
2743
2742
2741
2740
2739
2738
2737
2735
2734
2733
2732
2731
2730
2729
2728
2727
2726
2725
2724
2723
2722
2721
2720
2719
2718
2717
2716
2715
2714
2713
2712
2711
2710
2709
2708
2707
2706
2703
2702
2701
2700
2699
2697
2696
2695
2694
2693
2692
2691
2689
2686
2685
2684
2683
2682
2681
2680
2679
2678
2677
2676
2675
2674
2673
2672
2671
2670
2668
2667
2666
2665
2664
2663
2662
2661
2660
2659
2658
2657
2656
2655
2654
2653
2652
2651
2650
2649
2648
2647
2646
2645
2644
2643
2642
2641
2640
2639
2638
2636
2634
2633
2632
2631
2630
2628
2627
2626
2625
2624
2623
2620
2619
2614
2613
2612
2610
2609
2608
2607
2606
2605
2604
2603
2602
2601
2600
2599
2598
2597
2596
2595
2592
2590
2589
2588
2586
2585
2584
2583
2582
2581
2580
2579
2578
2577
2576
2575
2574
2573
2572
2571
2570
2569
2568
2566
2565
2564
2563
2562
2561
2560
2559
2558
2557
2556
2551
2550
2549
2479
2453
2452
2451
2450
2449
2448
2447
2446
2445
2444
2443
2442
2441
2440
2439
2438
2437
2436
2435
2434
2433
2432
2431
2430
2429
2427
2426
2425
2424
2423
2422
2421
2420
2418
2417
2416
2415
2414
2413
2412
2411
2410
2409
2408
2406
2405
2404
2403
2402
2401
2400
2398
2397
2396
2395
2394
2392
2391
2390
2389
2387
2386
2385
2384
2383
2382
2381
2380
2379
2378
2377
2376
2375
2374
2373
2372
2371
2370
2369
2368
2367
2366
2365
2364
2363
2362
2361
2360
2359
2358
2357
2356
2355
2354
2353
2352
2351
2350
2349
2348
2347
2346
2345
2344
2343
2342
2341
2336
2335
2334
2333
2332
2331
2330
2329
2328
2327
2326
2325
2324
2323
2322
2321
2320
2319
2318
2317
2316
2315
2314
2313
2312
2311
2310
2309
2308
2307
2306
2304
2303
2301
2296
2295
2294
2293
2292
2291
2290
2289
2288
2287
2286
2285
2284
2283
2282
2281
2280
2279
2278
2277
2276
2275
2274
2272
2271
2270
2269
2268
2267
2265
2264
2262
2261
2258
2257
2256
2255
2254
2253
2252
2251
2250
2249
2248
2247
2246
2245
2244
2243
2242
2241
2240
2239
2238
2237
2236
2235
2234
2233
2232
2231
2230
2229
2228
2227
2226
2225
2224
2223
2222
2221
2220
2219
2218
2217
2216
2215
2214
2213
2212
2211
2210
2209
2207
2206
2205
2203
2202
2201
2199
2198
2197
2196
2194
2192
2191
2189
2188
2187
2186
2185
2184
2183
2182
2181
2180
2178
2177
2175
2174
2173
2172
2170
2169
2168
2167
2166
2165
2164
2163
2162
2161
2160
2159
2158
2157
2156
2155
2154
2153
2152
2151
2150
2149
2147
2146
2144
2143
2142
2141
2140
2139
2138
2137
2136
2135
2134
2133
2132
2131
2130
2129
2128
2127
2126
2125
2124
2123
2122
2121
2120
2119
2118
2117
2116
2115
2114
2113
2112
2111
2110
2109
2108
2107
2106
2105
2104
2103
2102
2101
2100
2099
2098
2097
2096
2095
2094
2093
2092
2091
2090
2089
2088
2087
2086
2085
2084
2083
2082
2081
2080
2079
2078
2077
2076
2075
2074
2073
2072
2071
2070
2069
2068
2067
2066
2065
2064
2063
2062
2061
2060
2059
2058
2057
2056
2055
2054
2053
2052
2051
2050
2049
2048
2047
2046
2045
2044
2043
2042
2041
2039
2038
2037
2034
2030
2028
2027
2026
2025
2024
2023
2022
2021
2020
2019
2018
2017
2016
2015
2014
2013
2012
2011
2010
2009
2008
2007
2006
2005
2004
2003
2002
2001
2000
1999
1997
1996
1995
1994
1993
1992
1991
1990
1989
1988
1987
1986
1985
1984
1983
1982
1980
1979
1977
1976
1975
1974
1973
1972
1971
1970
1969
1968
1967
1966
1965
1964
1963
1962
1961
1959
1958
1953
1952
1951
1950
1949
1948
1945
1944
1943
1942
1938
1937
1935
1934
1933
1932
1931
1930
1929
1928
1927
1926
1925
1924
1923
1922
1921
1920
1919
1918
1917
1916
1915
1914
1913
1912
1911
1910
1909
1908
1907
1906
1905
1904
1903
1902
1901
1900
1899
1898
1897
1896
1895
1894
1893
1892
1891
1890
1889
1888
1887
1886
1885
1884
1883
1882
1881
1880
1879
1878
1877
1875
1874
1873
1870
1869
1868
1867
1866
1865
1864
1863
1862
1861
1860
1859
1858
1857
1856
1855
1854
1853
1852
1851
1850
1849
1848
1847
1846
1845
1844
1843
1840
1839
1838
1837
1834
1832
1831
1830
1829
1828
1827
1826
1825
1824
1823
1822
1821
1820
1819
1818
1817
1816
1815
1814
1813
1812
1811
1810
1809
1808
1807
1806
1805
1804
1803
1802
1801
1800
1799
1798
1797
1796
1795
1794
1793
1792
1791
1790
1789
1788
1787
1785
1784
1783
1782
1781
1780
1779
1778
1777
1776
1775
1774
1773
1772
1771
1770
1769
1768
1767
1766
1765
1764
1763
1762
1761
1760
1759
1758
1756
1755
1754
1753
1752
1751
1749
1748
1747
1746
1745
1744
1743
1742
1741
1740
1739
1738
1737
1736
1735
1734
1733
1732
1731
1730
1729
1728
1727
1726
1725
1724
1723
1722
1721
1720
1719
1718
1717
1716
1715
1714
1713
1712
1711
1710
1709
1708
1707
1706
1705
1704
1703
1702
1701
1700
1699
1698
1697
1696
1695
1694
1693
1692
1691
1690
1689
1688
1687
1686
1685
1684
1683
1682
1681
1680
1679
1678
1677
1676
1675
1674
1673
1672
1671
1670
1669
1668
1667
1666
1665
1664
1663
1662
1661
1660
1659
1658
1657
1656
1655
1654
1653
1652
1651
1650
1649
1648
1647
1646
1645
1644
1643
1642
1641
1640
1639
1638
1637
1636
1635
1634
1633
1632
1631
1630
1629
1628
1627
1626
1625
1624
1623
1622
1621
1620
1619
1618
1617
1616
1615
1614
1613
1612
1611
1610
1609
1608
1607
1606
1605
1604
1603
1602
1601
1600
1599
1598
1597
1596
1595
1594
1593
1592
1591
1590
1589
1588
1586
1585
1584
1583
1582
1581
1580
1579
1578
1577
1576
1575
1574
1573
1572
1571
1570
1569
1568
1567
1566
1564
1563
1562
1561
1560
1559
1558
1557
1556
1555
1554
1553
1552
1551
1550
1549
1548
1547
1545
1544
1543
1542
1541
1540
1539
1538
1537
1536
1535
1534
1533
1532
1531
1530
1528
1527
1525
1524
1523
1522
1521
1520
1519
1518
1517
1516
1515
1514
1513
1512
1511
1510
1509
1508
1507
1506
1505
1504
1503
1502
1501
1500
1499
1498
1497
1496
1495
1494
1493
1491
1490
1489
1488
1487
1485
1484
1483
1482
1481
1480
1479
1478
1477
1476
1475
1472
1471
1470
1469
1468
1467
1465
1463
1461
1460
1459
1458
1457
1456
1455
1454
1453
1452
1451
1450
1448
1447
1446
1445
1444
1443
1442
1441
1440
1439
1438
1437
1436
1435
1434
1433
1432
1431
1430
1429
1428
1427
1426
1425
1424
1423
1422
1421
1420
1419
1418
1417
1416
1415
1414
1413
1412
1411
1410
1409
1408
1407
1406
1405
1404
1403
1402
1401
1400
1399
1397
1396
1395
1394
1393
1392
1391
1390
1389
1386
1385
1384
1383
1382
1381
1380
1379
1378
1377
1376
1375
1374
1373
1372
1370
1366
1364
1363
1362
1361
1360
1357
1356
1355
1354
1353
1352
1351
1350
1349
1348
1347
1346
1345
1344
1343
1342
1340
1339
1338
1337
1336
1335
1334
1333
1332
1331
1330
1329
1328
1327
1326
1325
1324
1323
1322
1321
1320
1319
1318
1316
1315
1313
1312
1311
1309
1308
1306
1304
1303
1302
1300
1298
1297
1296
1295
1294
1293
1292
1291
1290
1289
1288
1287
1286
1285
1284
1283
1282
1281
1280
1279
1277
1276
1274
1273
1272
1271
1270
1268
1267
1266
1265
1261
1260
1259
1258
1257
1256
1255
1254
1253
1252
1251
1250
1249
1248
1247
1246
1245
1244
1243
1242
1241
1239
1238
1236
1235
1234
1233
1230
1229
1228
1227
1226
1225
1224
1223
1222
1221
1220
1219
1218
1217
1216
1215
1214
1213
1212
1211
1210
1209
1208
1207
1206
1205
1204
1203
1200
1198
1197
1189
1188
1187
1186
1185
1184
1183
1182
1181
1180
1179
1178
1177
1176
1175
1174
1173
1172
1171
1170
1168
1166
1164
1163
1161
1160
1159
1158
1157
1156
1155
1154
1153
1152
1151
1150
1149
1148
1147
1146
1145
1144
1143
1142
1141
1140
1139
1138
1136
1135
1134
1133
1132
1131
1130
1129
1128
1127
1126
1125
1124
1123
1122
1121
1120
1119
1118
1117
1116
1115
1114
1113
1112
1111
1110
1109
1108
1107
1106
1105
1103
1102
1101
1100
1099
1098
1097
1096
1095
1090
1089
1088
1087
1086
1085
1084
1083
1082
1081
1080
1079
1078
1077
1076
1075
1074
1073
1072
1071
1070
1069
1068
1067
1066
1065
1064
1063
1062
1061
1060
1059
1058
1057
1056
1055
1054
1053
1052
1051
1050
1049
1048
1047
1046
1045
1044
1043
1042
1041
1040
1039
1038
1036
1035
1034
1033
1032
1031
1030
1029
1028
1026
1025
1024
1023
1022
1021
1020
1019
1018
1017
1016
1015
1014
1013
1011
1010
1009
1008
1007
1006
1005
1003
1002
1001
1000
999
998
997
996
995
994
993
992
991
990
989
988
987
986
985
984
982
981
980
979
978
977
975
974
973
972
971
970
969
968
967
966
965
964
963
962
961
960
959
958
957
956
955
954
953
952
951
950
949
948
947
946
945
944
943
942
941
940
939
938
937
936
935
934
933
932
931
930
929
928
927
926
925
924
923
922
921
920
919
918
917
916
915
914
913
912
911
910
909
908
907
906
905
904
903
902
901
900
899
898
897
896
895
894
893
892
891
890
889
888
887
886
885
884
883
882
881
880
879
878
876
875
873
872
871
870
869
868
867
866
865
864
863
862
861
859
858
857
856
855
853
852
835
834
833
832
831
830
829
828
827
826
825
824
823
822
821
820
819
818
817
816
815
814
813
812
811
810
809
808
807
806
805
804
803
802
801
800
799
798
797
796
795
794
793
792
791
790
789
788
787
786
785
784
783
782
780
779
775
774
771
770
769
768
767
766
765
764
763
757
756
755
753
750
749
748
747
746
745
743
737
736
735
734
733
732
731
730
729
728
727
724
723
720
719
718
717
716
714
713
711
710
708
706
705
704
703
702
701
700
699
695
692
691
689
688
680
678
677
676
674
673
672
671
670
669
662
260
259
258
256
255
254
253
252
250
249
248
247
246
244
242
241
240
234
232
229
227
226
225
222
219
218
217
214
213
212
211
210
205
203
202
201
199
198
195
194
193
190
181
180
179
178
177
176
175
174
173
172
171
161
160
159
158
157
156
155
154
153
152
149
148
141
140
139
138
137
136
135
134
133
132
131
130
129
128
127
126
125
123
122
121
120
119
118
107
106
105
95
94
93
92
91
90
89
88
87
86
85
81
80
79
78
77
76
75
74
73
72
71
70
68
67
66
65
64
63
62
61
60
59
58
57
56
55
54
52
48
47
46
45
44
43
42
40
39
38
37
36
35
34
33
32
31
29
21
12
7
6
4
3
2
1
