NId,CommunityId
1,0
2,0
21,0
710,0
724,0
728,0
729,0
730,0
737,0
745,0
746,0
747,0
748,0
753,0
755,0
756,0
757,0
775,0
783,0
788,0
861,0
862,0
863,0
864,0
865,0
1081,0
1082,0
1083,0
1084,0
1085,0
1095,0
1096,0
1097,0
1098,0
1105,0
1106,0
1107,0
1171,0
1172,0
1173,0
1174,0
1175,0
1176,0
1177,0
1203,0
1210,0
1214,0
1394,0
1395,0
1396,0
1397,0
1399,0
1442,0
1443,0
1444,0
1445,0
1450,0
1468,0
1469,0
1470,0
1471,0
1472,0
1510,0
1511,0
1512,0
1532,0
1969,0
1970,0
1971,0
1972,0
1973,0
1974,0
1975,0
2197,0
2265,0
2347,0
2663,0
2724,0
2725,0
2911,0
2913,0
2914,0
2915,0
2942,0
2943,0
3029,0
3030,0
3033,0
3034,0
3035,0
3036,0
3140,0
3141,0
3199,0
3227,0
3275,0
3649,0
3716,0
3884,0
4275,0
4298,0
4772,0
4839,0
5018,0
5029,0
5034,0
5049,0
5060,0
5064,0
5066,0
5070,0
5073,0
5078,0
5082,0
5096,0
5140,0
5262,0
5305,0
3626,0
874,0
3989,0
22,0
23,0
24,0
25,0
26,0
28,0
845,0
846,0
847,0
848,0
1040,0
1073,0
1711,0
2040,0
2208,0
3303,0
3312,0
3313,0
3315,0
3317,0
3743,0
4762,0
4766,0
5016,0
5030,0
5037,0
5041,0
5050,0
5056,0
5057,0
5058,0
3825,0
763,0
766,0
849,0
852,0
855,0
858,0
973,0
1261,0
1383,0
1488,0
1497,0
1515,0
1535,0
1712,0
1772,0
1867,0
2301,0
2354,0
2587,0
2881,0
2907,0
2918,0
3286,0
3291,0
3429,0
3430,0
3431,0
3651,0
3801,0
3945,0
4257,0
4276,0
5076,0
5083,0
5294,0
65,0
66,0
774,0
986,0
987,0
1011,0
1038,0
1039,0
1109,0
1111,0
1113,0
1115,0
1204,0
1206,0
1208,0
1212,0
1216,0
1289,0
1459,0
1467,0
1611,0
1623,0
1696,0
1697,0
2203,0
2254,0
2307,0
2662,0
2664,0
2820,0
2916,0
2965,0
2984,0
3129,0
3247,0
3611,0
3615,0
3712,0
3796,0
3797,0
3809,0
3810,0
3827,0
3835,0
3955,0
4102,0
4117,0
4130,0
4157,0
4190,0
4192,0
4197,0
4198,0
4229,0
4231,0
4232,0
4234,0
4236,0
4237,0
4238,0
4810,0
4855,0
4856,0
5005,0
5012,0
5088,0
5099,0
5119,0
77,0
79,0
1477,0
1502,0
1519,0
1539,0
2029,0
2081,0
2082,0
2083,0
2084,0
2085,0
2086,0
2087,0
2088,0
2089,0
2090,0
2091,0
2092,0
2093,0
2094,0
2095,0
2096,0
2097,0
2098,0
2099,0
2100,0
2101,0
2102,0
2103,0
2104,0
2105,0
2106,0
2107,0
2108,0
2109,0
2110,0
2111,0
2113,0
2572,0
2591,0
2693,0
2753,0
3288,0
3391,0
3426,0
3523,0
3525,0
3526,0
3604,0
3779,0
3852,0
3855,0
3859,0
3860,0
3869,0
3873,0
3938,0
3939,0
3940,0
3950,0
3976,0
4008,0
4095,0
4241,0
4850,0
5013,0
5014,0
5158,0
5181,0
5183,0
5185,0
5202,0
5220,0
5250,0
1769,0
2031,0
2033,0
2035,0
2429,0
2874,0
2875,0
2877,0
2960,0
3022,0
3024,0
4258,0
4807,0
4730,0
29,0
1234,0
1749,0
1786,0
1853,0
1872,0
2133,0
2191,0
2361,0
2362,0
3078,0
3079,0
3080,0
3081,0
3082,0
3083,0
3084,0
3086,0
3510,0
4036,0
4145,0
4284,0
31,0
36,0
994,0
3614,0
32,0
33,0
988,0
34,0
989,0
990,0
991,0
35,0
1000,0
37,0
999,0
38,0
39,0
1149,0
2209,0
2341,0
4286,0
4661,0
4663,0
4667,0
4699,0
3867,0
2207,0
2756,0
134,0
2773,0
3194,0
4427,0
4435,0
5301,0
1249,0
1757,0
1832,0
3678,0
57,0
58,0
59,0
60,0
61,0
3616,0
62,0
3617,0
3663,0
3798,0
2000,0
2001,0
2927,0
2928,0
3146,0
3147,0
3440,0
73,0
149,0
2760,0
2762,0
2764,0
2766,0
2768,0
2770,0
2873,0
3215,0
3216,0
3218,0
3244,0
3866,0
74,0
1350,0
2761,0
2763,0
2765,0
2767,0
2769,0
2771,0
2872,0
3217,0
3219,0
3220,0
4152,0
3497,0
4248,0
4249,0
4281,0
1370,0
1703,0
2597,0
1702,0
2596,0
3028,0
3415,0
3416,0
3917,0
3918,0
3919,0
4296,0
4742,0
4413,0
4414,0
4415,0
4416,0
4417,0
4418,0
4434,0
4458,0
4163,0
2620,0
86,0
680,0
1564,0
4047,0
4297,0
4405,0
4406,0
4407,0
4408,0
4409,0
4410,0
4411,0
4429,0
4420,0
4426,0
2604,0
1376,0
1380,0
3071,0
4423,0
4431,0
4438,0
4443,0
4447,0
4450,0
4452,0
2120,0
2678,0
131,0
2030,0
2687,0
2688,0
4154,0
4155,0
132,0
133,0
4441,0
4442,0
4444,0
4445,0
139,0
2002,0
2049,0
2053,0
2056,0
2059,0
2063,0
2066,0
2070,0
2114,0
2117,0
2121,0
2124,0
2127,0
2130,0
2134,0
2137,0
2142,0
2150,0
2153,0
2156,0
2159,0
2162,0
2165,0
2652,0
2654,0
2655,0
2658,0
2660,0
2743,0
2937,0
3161,0
3167,0
3234,0
3250,0
3281,0
3305,0
3309,0
3310,0
3324,0
3488,0
3489,0
3490,0
3491,0
3492,0
3498,0
3500,0
3502,0
3503,0
3504,0
3505,0
3506,0
3533,0
3534,0
3535,0
3599,0
3602,0
3942,0
4182,0
4183,0
4184,0
4185,0
4187,0
4188,0
4282,0
4734,0
4735,0
141,0
2706,0
3068,0
4086,0
4125,0
189,0
4214,0
198,0
218,0
247,0
248,0
249,0
673,0
674,0
2612,0
3763,0
4146,0
4459,0
3857,0
3424,0
2857,0
3886,0
199,0
4255,0
4736,0
3988,0
2919,0
1937,0
4422,0
4430,0
4437,0
4446,0
2935,0
3882,0
1945,0
3186,0
1348,0
2412,0
3145,0
4136,0
4137,0
4662,0
4665,0
769,0
770,0
4087,0
678,0
3159,0
3205,0
3225,0
692,0
1017,0
3027,0
1372,0
2670,0
2955,0
3043,0
732,0
717,0
3646,0
718,0
719,0
720,0
3769,0
5275,0
5273,0
4181,0
1101,0
1103,0
1213,0
1217,0
3031,0
3032,0
3294,0
4263,0
3289,0
779,0
3475,0
780,0
782,0
2665,0
4259,0
2721,0
2739,0
784,0
1366,0
787,0
1033,0
1034,0
1243,0
1245,0
1246,0
1607,0
1638,0
1639,0
1640,0
1641,0
2574,0
2580,0
2588,0
3259,0
3380,0
4795,0
4796,0
4798,0
4887,0
4918,0
5149,0
789,0
790,0
1479,0
1504,0
1521,0
1541,0
3302,0
3991,0
4071,0
4094,0
4240,0
4242,0
4243,0
4244,0
4245,0
4246,0
791,0
792,0
834,0
4299,0
4748,0
3395,0
3521,0
897,0
2342,0
3149,0
1288,0
895,0
1760,0
3248,0
3249,0
3613,0
898,0
3792,0
1759,0
985,0
3669,0
3728,0
3565,0
992,0
993,0
995,0
996,0
997,0
998,0
1003,0
3474,0
1883,0
1888,0
1890,0
1892,0
1897,0
1906,0
1909,0
1920,0
1923,0
2454,0
4700,0
1005,0
1007,0
1008,0
1390,0
1735,0
1795,0
4099,0
1013,0
1904,0
1913,0
1919,0
1924,0
1931,0
3012,0
1015,0
1809,0
1882,0
1886,0
1893,0
1895,0
1902,0
1912,0
1918,0
1928,0
1930,0
3006,0
4132,0
1908,0
1910,0
1911,0
1915,0
3623,0
3624,0
1794,0
1797,0
1799,0
1801,0
1803,0
1805,0
1868,0
5254,0
5258,0
1281,0
1291,0
3746,0
3847,0
4799,0
5306,0
1022,0
2676,0
1028,0
3643,0
1029,0
2380,0
3905,0
5210,0
1148,0
5213,0
1070,0
1072,0
3660,0
3679,0
3752,0
1075,0
1120,0
5249,0
1121,0
3637,0
1087,0
1088,0
1090,0
1119,0
2819,0
3089,0
3284,0
4965,0
5002,0
3591,0
1124,0
3362,0
1117,0
3638,0
3512,0
3517,0
3516,0
3518,0
4222,0
4223,0
4224,0
4225,0
4226,0
4227,0
4228,0
3922,0
1118,0
1122,0
1123,0
2862,0
3711,0
3636,0
1131,0
1132,0
1146,0
1147,0
1151,0
1158,0
1163,0
4424,0
4432,0
4439,0
4448,0
4453,0
4455,0
4952,0
5159,0
5160,0
5161,0
1181,0
1178,0
1179,0
1180,0
1182,0
1188,0
1189,0
3941,0
1225,0
1375,0
3564,0
3966,0
1228,0
1235,0
1279,0
2382,0
2400,0
2933,0
3405,0
4133,0
4215,0
4216,0
4419,0
4660,0
4664,0
4698,0
4879,0
1250,0
1574,0
1578,0
1582,0
1768,0
1770,0
1773,0
1776,0
3654,0
3764,0
3875,0
3982,0
4009,0
4075,0
4749,0
2556,0
4042,0
2557,0
5246,0
1293,0
1295,0
3412,0
2782,0
2783,0
4134,0
4135,0
1329,0
1330,0
1331,0
1332,0
1333,0
1334,0
1335,0
1336,0
1337,0
1349,0
1361,0
1362,0
1374,0
2383,0
2401,0
2573,0
2611,0
2628,0
2638,0
2742,0
3951,0
4049,0
4741,0
2951,0
4138,0
4144,0
4148,0
4705,0
3047,0
1392,0
1869,0
3178,0
4825,0
1447,0
4886,0
5134,0
1563,0
1452,0
3906,0
4129,0
5238,0
3692,0
2609,0
3331,0
3160,0
1716,0
1717,0
1731,0
1741,0
1743,0
3695,0
4436,0
4440,0
3515,0
1620,0
1625,0
3686,0
1674,0
3814,0
1671,0
3920,0
1675,0
3907,0
1698,0
1700,0
1699,0
1701,0
1704,0
1765,0
1881,0
1884,0
1932,0
1933,0
1705,0
2309,0
2312,0
3093,0
2605,0
1729,0
1758,0
1761,0
1762,0
1763,0
1764,0
1766,0
1813,0
1834,0
1852,0
2206,0
2718,0
2732,0
2735,0
3088,0
3476,0
3477,0
4211,0
5245,0
1899,0
1719,0
1898,0
1721,0
1723,0
1725,0
1727,0
3002,0
1733,0
1814,0
4069,0
1751,0
3344,0
4127,0
1922,0
1926,0
1927,0
1929,0
3586,0
1900,0
1901,0
1905,0
1907,0
1916,0
1917,0
1921,0
1896,0
1903,0
1914,0
1925,0
3568,0
4759,0
3184,0
2892,0
1885,0
1887,0
1889,0
3625,0
4212,0
1807,0
3000,0
3008,0
1812,0
1894,0
3010,0
3622,0
4757,0
4217,0
1866,0
4143,0
4740,0
5255,0
5257,0
1878,0
1891,0
3621,0
3584,0
3004,0
1999,0
2998,0
3236,0
2589,0
4210,0
4658,0
2741,0
3048,0
3494,0
2062,0
3858,0
4731,0
3432,0
3909,0
3910,0
5214,0
4256,0
3422,0
2126,0
2140,0
2178,0
3257,0
2201,0
3682,0
2210,0
2271,0
2272,0
2279,0
2304,0
2308,0
2898,0
2917,0
3092,0
2313,0
3053,0
4279,0
3536,0
2774,0
2997,0
3014,0
3680,0
4055,0
2582,0
4153,0
4659,0
4679,0
2606,0
3229,0
3231,0
2949,0
2950,0
2952,0
4666,0
4680,0
3881,0
3496,0
2740,0
2722,0
2723,0
3753,0
3592,0
3369,0
3370,0
3374,0
3375,0
3367,0
3368,0
3372,0
3373,0
3327,0
3328,0
3329,0
3330,0
4142,0
3657,0
2939,0
3371,0
3065,0
3005,0
3009,0
3745,0
4178,0
3365,0
3325,0
3326,0
3366,0
4195,0
3610,0
3255,0
3345,0
3570,0
4186,0
5302,0
5177,0
5173,0
5178,0
3304,0
3307,0
4035,0
4038,0
4040,0
4729,0
4732,0
4733,0
5179,0
3322,0
3323,0
3359,0
3936,0
3425,0
5174,0
5175,0
5176,0
5180,0
3462,0
3464,0
3466,0
4806,0
4433,0
4449,0
4451,0
4454,0
4456,0
4457,0
3520,0
3571,0
3589,0
3597,0
3612,0
3627,0
3861,0
4209,0
3658,0
5105,0
3717,0
3780,0
3781,0
4270,0
3782,0
4251,0
4881,0
5125,0
5130,0
5136,0
3914,0
3915,0
4421,0
4428,0
5266,0
5285,0
4025,0
5303,0
4177,0
4194,0
4159,0
4160,0
4162,0
4176,0
4189,0
4191,0
5271,0
5272,0
4206,0
4253,0
4250,0
4254,0
4269,0
4277,0
5217,0
4953,0
4954,0
5036,0
5053,0
5062,0
5068,0
5075,0
5080,0
3,1
1018,1
1258,1
1322,1
1323,1
1338,1
1341,1
2256,1
2260,1
3608,1
3720,1
3721,1
3722,1
3723,1
4928,1
4,1
8,1
9,1
10,1
11,1
12,1
13,1
14,1
15,1
16,1
17,1
18,1
19,1
20,1
46,1
47,1
49,1
50,1
51,1
679,1
704,1
707,1
712,1
715,1
733,1
734,1
836,1
837,1
838,1
839,1
840,1
841,1
842,1
843,1
844,1
866,1
868,1
875,1
979,1
1016,1
1019,1
1037,1
1077,1
1137,1
1142,1
1192,1
1218,1
1238,1
1254,1
1276,1
1282,1
1302,1
1319,1
1387,1
1388,1
1393,1
1438,1
1439,1
1449,1
1454,1
1506,1
1507,1
1557,1
1560,1
1591,1
1594,1
1598,1
1626,1
1627,1
1745,1
1790,1
1833,1
1837,1
1838,1
1855,1
1857,1
1864,1
1870,1
1873,1
1874,1
1876,1
1879,1
1934,1
1938,1
1940,1
1941,1
1943,1
1946,1
1947,1
1960,1
1979,1
1988,1
2039,1
2200,1
2273,1
2282,1
2283,1
2303,1
2315,1
2316,1
2323,1
2334,1
2343,1
2344,1
2349,1
2384,1
2390,1
2399,1
2405,1
2407,1
2427,1
2559,1
2561,1
2563,1
2568,1
2576,1
2578,1
2586,1
2593,1
2594,1
2613,1
2614,1
2622,1
2623,1
2681,1
2698,1
2716,1
2726,1
2729,1
2751,1
2758,1
2772,1
2848,1
2858,1
2870,1
2876,1
2883,1
2889,1
2904,1
2909,1
2910,1
2912,1
2953,1
2956,1
2991,1
3020,1
3026,1
3042,1
3049,1
3057,1
3067,1
3077,1
3087,1
3163,1
3171,1
3174,1
3181,1
3182,1
3193,1
3196,1
3208,1
3224,1
3261,1
3269,1
3274,1
3285,1
3290,1
3295,1
3296,1
3306,1
3314,1
3316,1
3321,1
3349,1
3350,1
3351,1
3358,1
3398,1
3399,1
3401,1
3402,1
3411,1
3468,1
3483,1
3509,1
3543,1
3579,1
3588,1
3653,1
3736,1
3744,1
3756,1
3822,1
3823,1
3851,1
3952,1
3954,1
3957,1
3958,1
3964,1
3968,1
3978,1
3984,1
3985,1
3986,1
3993,1
3996,1
4021,1
4024,1
4029,1
4074,1
4103,1
4116,1
4124,1
4219,1
4260,1
4278,1
4285,1
4292,1
4293,1
4294,1
4295,1
4668,1
4669,1
4670,1
4671,1
4672,1
4673,1
4674,1
4675,1
4676,1
4677,1
4678,1
4681,1
4682,1
4683,1
4684,1
4685,1
4686,1
4687,1
4688,1
4689,1
4690,1
4691,1
4692,1
4693,1
4694,1
4695,1
4696,1
4697,1
4752,1
4763,1
4765,1
4768,1
4770,1
4773,1
4774,1
4800,1
4801,1
4818,1
4820,1
4827,1
4835,1
4837,1
4840,1
4842,1
4843,1
4845,1
4847,1
4857,1
4858,1
4859,1
4869,1
4870,1
4871,1
4872,1
4873,1
4874,1
4898,1
4899,1
4901,1
4902,1
4904,1
4905,1
4906,1
4907,1
4909,1
4921,1
4924,1
4925,1
4927,1
4929,1
4937,1
4942,1
4949,1
4960,1
4966,1
4967,1
4968,1
4969,1
4970,1
4971,1
4979,1
4980,1
4990,1
4991,1
4992,1
5000,1
5003,1
5004,1
5006,1
5007,1
5008,1
5017,1
5020,1
5021,1
5023,1
5025,1
5026,1
5028,1
5031,1
5033,1
5038,1
5040,1
5042,1
5044,1
5045,1
5046,1
5048,1
5051,1
5054,1
5059,1
5063,1
5065,1
5069,1
5072,1
5077,1
5081,1
5085,1
5094,1
5103,1
5104,1
5111,1
5112,1
5113,1
5115,1
5117,1
5118,1
5122,1
5127,1
5131,1
5132,1
5133,1
5141,1
5142,1
5148,1
5166,1
5168,1
5169,1
5171,1
5243,1
5284,1
5304,1
5,1
2759,1
3241,1
3300,1
3339,1
3826,1
4264,1
4793,1
4794,1
4828,1
4940,1
4941,1
5170,1
5172,1
6,1
7,1
2649,1
40,1
42,1
48,1
52,1
54,1
68,1
69,1
70,1
85,1
87,1
95,1
119,1
121,1
124,1
159,1
160,1
202,1
223,1
244,1
251,1
258,1
706,1
708,1
713,1
721,1
725,1
751,1
835,1
877,1
972,1
974,1
976,1
984,1
1001,1
1009,1
1012,1
1027,1
1035,1
1045,1
1046,1
1050,1
1104,1
1108,1
1110,1
1112,1
1114,1
1126,1
1153,1
1154,1
1155,1
1159,1
1161,1
1162,1
1165,1
1167,1
1169,1
1183,1
1185,1
1211,1
1215,1
1220,1
1223,1
1236,1
1244,1
1247,1
1248,1
1251,1
1267,1
1268,1
1270,1
1271,1
1272,1
1274,1
1277,1
1280,1
1290,1
1292,1
1304,1
1305,1
1306,1
1307,1
1308,1
1309,1
1310,1
1311,1
1312,1
1313,1
1314,1
1318,1
1325,1
1326,1
1347,1
1379,1
1382,1
1385,1
1389,1
1441,1
1457,1
1465,1
1473,1
1529,1
1565,1
1584,1
1590,1
1603,1
1604,1
1605,1
1608,1
1615,1
1621,1
1654,1
1657,1
1659,1
1666,1
1667,1
1668,1
1670,1
1673,1
1676,1
1677,1
1679,1
1685,1
1692,1
1694,1
1706,1
1750,1
1755,1
1767,1
1771,1
1774,1
1775,1
1778,1
1779,1
1780,1
1781,1
1783,1
1816,1
1819,1
1822,1
1825,1
1826,1
1827,1
1828,1
1829,1
1830,1
1835,1
1836,1
1839,1
1840,1
1841,1
1842,1
1843,1
1844,1
1845,1
1847,1
1850,1
1854,1
1859,1
1935,1
1942,1
1944,1
1952,1
1958,1
1962,1
1963,1
1965,1
1968,1
1976,1
1977,1
1980,1
1987,1
2052,1
2073,1
2074,1
2075,1
2076,1
2077,1
2078,1
2079,1
2080,1
2168,1
2169,1
2170,1
2190,1
2193,1
2194,1
2195,1
2198,1
2202,1
2253,1
2259,1
2284,1
2288,1
2289,1
2291,1
2305,1
2317,1
2318,1
2326,1
2327,1
2328,1
2335,1
2336,1
2348,1
2352,1
2355,1
2360,1
2363,1
2366,1
2376,1
2378,1
2379,1
2386,1
2387,1
2389,1
2392,1
2396,1
2404,1
2416,1
2423,1
2430,1
2433,1
2436,1
2439,1
2442,1
2449,1
2565,1
2566,1
2584,1
2585,1
2602,1
2603,1
2607,1
2627,1
2650,1
2666,1
2677,1
2680,1
2683,1
2686,1
2728,1
2746,1
2750,1
2754,1
2777,1
2778,1
2818,1
2855,1
2906,1
2921,1
2931,1
2961,1
2967,1
2968,1
2969,1
2989,1
2993,1
3021,1
3023,1
3041,1
3044,1
3052,1
3058,1
3060,1
3061,1
3063,1
3072,1
3073,1
3075,1
3085,1
3091,1
3148,1
3152,1
3154,1
3166,1
3173,1
3176,1
3200,1
3206,1
3207,1
3209,1
3213,1
3221,1
3223,1
3226,1
3258,1
3270,1
3277,1
3287,1
3319,1
3336,1
3340,1
3352,1
3361,1
3400,1
3418,1
3469,1
3493,1
3558,1
3573,1
3577,1
3578,1
3605,1
3606,1
3607,1
3609,1
3640,1
3641,1
3650,1
3672,1
3683,1
3690,1
3714,1
3718,1
3724,1
3726,1
3755,1
3805,1
3813,1
3824,1
3834,1
3839,1
3874,1
3885,1
3890,1
3896,1
3900,1
3908,1
3923,1
3944,1
3956,1
3959,1
3972,1
3974,1
3981,1
4007,1
4010,1
4015,1
4018,1
4020,1
4023,1
4030,1
4057,1
4062,1
4066,1
4067,1
4077,1
4083,1
4089,1
4090,1
4091,1
4112,1
4115,1
4120,1
4123,1
4126,1
4180,1
4199,1
4201,1
4221,1
4280,1
4310,1
4311,1
4312,1
4313,1
4314,1
4315,1
4316,1
4317,1
4318,1
4319,1
4320,1
4321,1
4322,1
4323,1
4324,1
4325,1
4326,1
4327,1
4721,1
4722,1
4723,1
4724,1
4725,1
4726,1
4727,1
4738,1
4739,1
4750,1
4751,1
4779,1
4780,1
4781,1
4782,1
4783,1
4790,1
4791,1
4817,1
4829,1
4830,1
4831,1
4832,1
4833,1
4838,1
4846,1
4848,1
4849,1
4851,1
4868,1
4875,1
4883,1
4884,1
4897,1
4914,1
4915,1
4916,1
4919,1
4920,1
4926,1
4944,1
4948,1
4950,1
4963,1
5019,1
5098,1
5106,1
5121,1
5123,1
5150,1
5151,1
5163,1
5164,1
5200,1
5215,1
5216,1
5231,1
5239,1
5241,1
5252,1
5256,1
5267,1
5283,1
5307,1
2252,1
2610,1
5240,1
5242,1
2204,1
3066,1
4737,1
671,1
44,1
2745,1
76,1
749,1
1086,1
1089,1
1164,1
1166,1
1168,1
1170,1
1296,1
1317,1
1461,1
1485,1
1491,1
1525,1
1545,1
1586,1
1588,1
1600,1
2192,1
2205,1
2306,1
2330,1
2331,1
2332,1
2333,1
2410,1
2932,1
2934,1
2959,1
2992,1
3051,1
3120,1
3135,1
3377,1
3802,1
3943,1
3980,1
4052,1
4082,1
4118,1
4274,1
4760,1
4804,1
4805,1
4813,1
4814,1
4815,1
4834,1
4836,1
4852,1
4913,1
4947,1
4997,1
4998,1
4999,1
5084,1
5277,1
5286,1
1950,1
56,1
906,1
1787,1
1440,1
81,1
88,1
90,1
91,1
2598,1
3389,1
3390,1
125,1
140,1
153,1
154,1
171,1
213,1
217,1
252,1
2577,1
2651,1
3480,1
3482,1
3508,1
3655,1
3821,1
4208,1
4404,1
5165,1
3242,1
4981,1
4982,1
4983,1
4984,1
4985,1
4986,1
4987,1
4988,1
4989,1
4993,1
4994,1
1710,1
2636,1
4656,1
1593,1
1856,1
4101,1
1715,1
1811,1
4058,1
1316,1
2731,1
4860,1
4861,1
4867,1
4893,1
3537,1
173,1
2903,1
2929,1
4000,1
4001,1
2846,1
2900,1
3998,1
3999,1
195,1
1982,1
1273,1
3750,1
1653,1
2671,1
3420,1
2902,1
4002,1
4003,1
1327,1
1340,1
3019,1
4895,1
1432,1
3926,1
5107,1
5147,1
4885,1
1241,1
1324,1
2413,1
4892,1
1792,1
1342,1
2329,1
4220,1
714,1
4776,1
4936,1
716,1
1678,1
1681,1
1686,1
1693,1
1695,1
1785,1
1817,1
1820,1
1823,1
1860,1
1991,1
2255,1
2738,1
3059,1
3062,1
3064,1
3725,1
3891,1
3892,1
3897,1
4808,1
4809,1
5089,1
731,1
5280,1
904,1
905,1
2888,1
3662,1
867,1
869,1
1023,1
4955,1
4956,1
4959,1
896,1
1788,1
928,1
1789,1
3836,1
3837,1
3018,1
980,1
3016,1
982,1
1002,1
1614,1
1690,1
1691,1
3870,1
1006,1
1020,1
1791,1
3017,1
3272,1
3273,1
4939,1
1737,1
3554,1
4079,1
1014,1
3013,1
1160,1
1221,1
1315,1
1320,1
1343,1
1345,1
2385,1
2391,1
2406,1
2560,1
3046,1
3283,1
3849,1
3862,1
3863,1
4016,1
4802,1
4803,1
4972,1
4973,1
4974,1
4975,1
4976,1
4977,1
4978,1
5011,1
5055,1
5071,1
5090,1
5091,1
5092,1
5093,1
5126,1
5129,1
1528,1
1531,1
4880,1
1071,1
2674,1
1042,1
1134,1
1136,1
1139,1
1140,1
1143,1
1144,1
3731,1
1049,1
1592,1
1595,1
2673,1
4119,1
1074,1
1076,1
1078,1
1079,1
1080,1
3831,1
1099,1
3378,1
1116,1
1601,1
4753,1
4754,1
2452,1
3201,1
1229,1
1233,1
4775,1
4946,1
1252,1
3050,1
3973,1
1253,1
2954,1
4962,1
3183,1
4866,1
1284,1
2963,1
1294,1
1297,1
1303,1
2821,1
3118,1
3268,1
4048,1
4121,1
4122,1
4755,1
4822,1
4823,1
4824,1
4826,1
4862,1
4864,1
4865,1
4888,1
4889,1
4890,1
4922,1
4923,1
4933,1
4934,1
4943,1
4882,1
2717,1
3203,1
1321,1
4891,1
4894,1
1328,1
3618,1
1384,1
3385,1
2625,1
2581,1
3271,1
1437,1
4792,1
5001,1
3828,1
1460,1
5110,1
3832,1
2849,1
1597,1
2453,1
3054,1
1739,1
1596,1
1599,1
1613,1
1684,1
3871,1
1687,1
3872,1
1650,1
1651,1
1655,1
1656,1
1660,1
1661,1
1658,1
3812,1
1662,1
1663,1
1664,1
1665,1
1669,1
1672,1
1680,1
3898,1
3899,1
1682,1
1683,1
3902,1
3903,1
3904,1
1688,1
1689,1
1708,1
2213,1
2215,1
3169,1
4268,1
1709,1
1746,1
1748,1
1961,1
1964,1
1966,1
1967,1
2310,1
2311,1
2345,1
2425,1
2734,1
2757,1
2901,1
2930,1
3192,1
4026,1
4044,1
4072,1
4104,1
4756,1
4777,1
4778,1
4812,1
1718,1
3003,1
3007,1
1720,1
3011,1
1722,1
1724,1
1726,1
3001,1
1728,1
1730,1
1732,1
1734,1
2999,1
1736,1
1738,1
1740,1
1742,1
1744,1
1747,1
3715,1
4027,1
5263,1
3587,1
4816,1
3575,1
3569,1
4005,1
3381,1
4004,1
4080,1
1796,1
1798,1
1800,1
1802,1
1804,1
1806,1
1808,1
1810,1
4758,1
1861,1
1862,1
1863,1
1865,1
3593,1
2351,1
1994,1
3648,1
2199,1
2359,1
2346,1
2350,1
5201,1
2859,1
2408,1
2402,1
4945,1
3937,1
2920,1
3397,1
2692,1
3522,1
2714,1
2715,1
4996,1
2871,1
3676,1
4179,1
4930,1
3180,1
3830,1
5167,1
4761,1
3895,1
4657,1
3074,1
3846,1
3276,1
3278,1
5120,1
3486,1
3893,1
3894,1
3901,1
3478,1
3582,1
3820,1
3842,1
3843,1
3844,1
5268,1
4200,1
4703,1
4764,1
4769,1
4771,1
4853,1
4863,1
4908,1
4917,1
5009,1
5010,1
5022,1
5024,1
5027,1
5032,1
5035,1
5052,1
5039,1
5043,1
5047,1
5061,1
5067,1
5087,1
5074,1
5079,1
5086,1
5114,1
3015,2
4141,2
4935,2
103,2
115,2
188,2
204,2
230,2
231,2
1299,2
2894,2
3127,2
3560,2
3708,2
5259,2
55,2
72,2
205,2
233,2
701,2
876,2
1128,2
1255,2
1298,2
1300,2
1346,2
1360,2
1377,2
1983,2
1985,2
1990,2
2415,2
2448,2
2630,2
2635,2
2669,2
2707,2
2878,2
2884,2
2905,2
3128,2
3211,2
3222,2
3245,2
3407,2
3699,2
3700,2
3702,2
3705,2
3706,2
3767,2
3770,2
3786,2
3787,2
3928,2
4784,2
4786,2
4788,2
4910,2
4911,2
4912,2
4931,2
4951,2
5288,2
5295,2
5296,2
5298,2
5299,2
5300,2
162,2
4728,2
2690,2
3668,2
63,2
901,2
920,2
1129,2
1130,2
2947,2
2996,2
3742,2
64,2
3664,2
67,2
2691,2
5187,2
5297,2
75,2
4412,2
82,2
118,2
120,2
122,2
128,2
135,2
136,2
155,2
158,2
161,2
163,2
164,2
165,2
166,2
167,2
168,2
169,2
170,2
177,2
219,2
235,2
236,2
237,2
243,2
253,2
254,2
255,2
670,2
676,2
688,2
689,2
1858,2
2995,2
3263,2
3264,2
3265,2
3266,2
3930,2
3931,2
4169,2
4461,2
4462,2
4463,2
4464,2
4465,2
4466,2
4467,2
4468,2
4469,2
4470,2
4471,2
4472,2
4473,2
4474,2
4475,2
4476,2
4477,2
4478,2
4479,2
4480,2
4481,2
4482,2
4483,2
4484,2
4485,2
4486,2
4487,2
4488,2
4489,2
4490,2
4491,2
4492,2
4493,2
4494,2
4495,2
4496,2
4497,2
4498,2
4499,2
4500,2
4501,2
4502,2
4503,2
4504,2
4505,2
4506,2
4507,2
4508,2
4509,2
4510,2
4511,2
4512,2
4513,2
4514,2
4515,2
4516,2
4517,2
4518,2
4519,2
4520,2
4521,2
4522,2
4523,2
4524,2
4525,2
4526,2
4527,2
4528,2
4529,2
4530,2
4531,2
4532,2
4533,2
4534,2
4535,2
4536,2
4537,2
4538,2
4539,2
4540,2
4541,2
4542,2
4543,2
4544,2
4545,2
4546,2
4547,2
4548,2
4549,2
4550,2
4551,2
4552,2
4553,2
4554,2
4555,2
4556,2
4557,2
4558,2
4559,2
4560,2
4561,2
4562,2
4563,2
4564,2
4565,2
4566,2
4567,2
4568,2
4569,2
4570,2
4571,2
4572,2
4573,2
4574,2
4575,2
4576,2
4577,2
4578,2
4579,2
4580,2
4581,2
4582,2
4583,2
4584,2
4585,2
4586,2
4587,2
4588,2
4589,2
4590,2
4591,2
4592,2
4593,2
4594,2
4595,2
4596,2
4597,2
4598,2
4599,2
4600,2
4601,2
4602,2
4603,2
4604,2
4605,2
4606,2
4607,2
4608,2
4609,2
4610,2
4611,2
4612,2
4613,2
4614,2
4615,2
4616,2
4617,2
4618,2
4619,2
4620,2
4621,2
4622,2
4623,2
4624,2
4625,2
4626,2
4627,2
4628,2
4629,2
4630,2
4631,2
4632,2
4633,2
4634,2
4635,2
4636,2
4637,2
4638,2
4639,2
4640,2
4641,2
4642,2
4643,2
4644,2
4645,2
4646,2
4647,2
4648,2
4649,2
4650,2
4651,2
4652,2
4653,2
83,2
84,2
108,2
142,2
182,2
295,2
341,2
356,2
371,2
386,2
411,2
426,2
451,2
476,2
491,2
585,2
601,2
631,2
647,2
663,2
681,2
2897,2
3360,2
3561,2
3864,2
4287,2
4811,2
3354,2
89,2
92,2
93,2
2601,2
4128,2
94,2
96,2
109,2
110,2
111,2
112,2
113,2
114,2
277,2
278,2
279,2
280,2
440,2
441,2
442,2
443,2
444,2
445,2
446,2
447,2
448,2
449,2
559,2
560,2
561,2
562,2
563,2
3470,2
4745,2
97,2
143,2
144,2
146,2
147,2
148,2
150,2
261,2
262,2
263,2
264,2
265,2
266,2
267,2
400,2
401,2
402,2
403,2
404,2
405,2
406,2
407,2
408,2
409,2
544,2
545,2
546,2
547,2
548,2
2705,2
3556,2
3559,2
98,2
183,2
184,2
185,2
186,2
187,2
320,2
321,2
322,2
323,2
324,2
325,2
326,2
327,2
328,2
329,2
515,2
516,2
517,2
518,2
519,2
3687,2
3689,2
4352,2
4353,2
4354,2
4355,2
4356,2
4357,2
4358,2
4359,2
4360,2
4361,2
4743,2
99,2
330,2
331,2
332,2
333,2
334,2
335,2
336,2
337,2
338,2
339,2
520,2
521,2
522,2
523,2
664,2
665,2
666,2
667,2
668,2
3124,2
3125,2
3126,2
4362,2
4363,2
4364,2
4365,2
4366,2
4367,2
4368,2
4369,2
4370,2
4371,2
4372,2
4373,2
4704,2
4744,2
5206,2
100,2
101,2
102,2
284,2
285,2
465,2
466,2
467,2
468,2
469,2
470,2
471,2
472,2
473,2
474,2
569,2
570,2
571,2
572,2
573,2
682,2
683,2
684,2
685,2
686,2
687,2
3155,2
3156,2
4746,2
5244,2
116,2
127,2
179,2
191,2
256,2
259,2
2258,2
2261,2
2274,2
2595,2
2637,2
2712,2
2847,2
2868,2
2879,2
3138,2
3262,2
3408,2
3410,2
3701,2
3703,2
3704,2
3707,2
3733,2
3768,2
3771,2
3773,2
3808,2
3889,2
3927,2
3935,2
4092,2
4093,2
4767,2
4938,2
5224,2
104,2
506,2
511,2
525,2
530,2
535,2
540,2
550,2
555,2
565,2
575,2
580,2
2426,2
3732,2
105,2
106,2
107,2
269,2
272,2
305,2
310,2
311,2
312,2
313,2
314,2
315,2
316,2
317,2
318,2
319,2
350,2
365,2
380,2
395,2
420,2
435,2
461,2
486,2
501,2
510,2
512,2
513,2
514,2
595,2
611,2
625,2
641,2
657,2
2617,2
2618,2
3409,2
3471,2
4335,2
4339,2
4340,2
4341,2
4342,2
4343,2
4344,2
4345,2
4346,2
4347,2
4348,2
4349,2
4350,2
4351,2
4379,2
4389,2
4399,2
245,2
246,2
370,2
372,2
373,2
374,2
375,2
376,2
377,2
378,2
379,2
381,2
382,2
383,2
384,2
534,2
536,2
537,2
538,2
3887,2
4394,2
4395,2
216,2
239,2
3472,2
117,2
257,2
273,2
274,2
275,2
276,2
425,2
427,2
428,2
429,2
430,2
431,2
432,2
433,2
434,2
436,2
437,2
438,2
439,2
554,2
556,2
557,2
558,2
2562,2
3076,2
3473,2
3929,2
196,2
197,2
2899,2
3484,2
4706,2
4707,2
4708,2
4709,2
4710,2
4711,2
4712,2
4713,2
4714,2
4715,2
4716,2
4717,2
4718,2
4719,2
4720,2
4655,2
3485,2
123,2
3487,2
126,2
4172,2
129,2
5186,2
130,2
3511,2
3514,2
669,2
3136,2
137,2
214,2
232,2
138,2
145,2
302,2
347,2
362,2
392,2
418,2
458,2
483,2
498,2
592,2
608,2
623,2
638,2
654,2
4290,2
4377,2
4386,2
4396,2
340,2
355,2
385,2
410,2
450,2
475,2
490,2
584,2
600,2
616,2
630,2
646,2
2616,2
2890,2
2896,2
3070,2
3123,2
3709,2
3710,2
3557,2
151,2
152,2
2711,2
3406,2
3567,2
156,2
157,2
174,2
176,2
180,2
181,2
190,2
192,2
193,2
194,2
200,2
206,2
209,2
211,2
212,2
221,2
224,2
227,2
228,2
234,2
238,2
240,2
250,2
260,2
296,2
297,2
298,2
299,2
300,2
301,2
303,2
304,2
306,2
307,2
308,2
309,2
342,2
343,2
344,2
345,2
346,2
348,2
349,2
351,2
352,2
353,2
354,2
357,2
358,2
359,2
360,2
361,2
363,2
364,2
366,2
367,2
368,2
369,2
387,2
388,2
389,2
390,2
391,2
393,2
394,2
396,2
397,2
398,2
399,2
412,2
413,2
414,2
415,2
416,2
417,2
419,2
421,2
422,2
423,2
424,2
452,2
453,2
454,2
455,2
456,2
457,2
459,2
460,2
462,2
463,2
464,2
477,2
478,2
479,2
480,2
481,2
482,2
484,2
485,2
487,2
488,2
489,2
492,2
493,2
494,2
495,2
496,2
497,2
499,2
500,2
502,2
503,2
504,2
505,2
507,2
508,2
509,2
524,2
526,2
527,2
528,2
529,2
531,2
532,2
533,2
539,2
541,2
542,2
543,2
549,2
551,2
552,2
553,2
564,2
566,2
567,2
568,2
574,2
576,2
577,2
578,2
579,2
581,2
582,2
583,2
662,2
675,2
677,2
690,2
691,2
694,2
695,2
698,2
2600,2
2682,2
2685,2
2699,2
2710,2
2747,2
2854,2
2886,2
2887,2
2924,2
2925,2
2994,2
3137,2
3142,2
3150,2
3151,2
3153,2
3185,2
3195,2
3197,2
3364,2
3428,2
3479,2
3748,2
3766,2
3788,2
3807,2
4147,2
4170,2
4173,2
4203,2
4204,2
4205,2
4213,2
4302,2
4303,2
4304,2
4305,2
4306,2
4307,2
4308,2
4309,2
4701,2
4702,2
5248,2
5251,2
5264,2
3856,2
3427,2
3396,2
3774,2
3840,2
172,2
3243,2
175,2
178,2
2869,2
3684,2
586,2
602,2
617,2
632,2
648,2
2615,2
3122,2
3688,2
3965,2
4328,2
2172,2
2893,2
288,2
291,2
293,2
1266,2
201,2
203,2
4300,2
271,2
282,2
598,2
614,2
628,2
644,2
660,2
4337,2
4382,2
4392,2
4402,2
5282,2
207,2
220,2
222,2
268,2
270,2
283,2
286,2
599,2
615,2
629,2
645,2
661,2
3749,2
4338,2
4383,2
4393,2
4403,2
208,2
210,2
2923,2
215,2
593,2
609,2
639,2
655,2
696,2
2962,2
3342,2
3562,2
3772,2
3865,2
4333,2
4387,2
4397,2
2629,2
3790,2
3791,2
4854,2
225,2
226,2
4932,2
588,2
604,2
619,2
634,2
650,2
4289,2
4329,2
229,2
3212,2
4460,2
241,2
242,2
287,2
290,2
1618,2
590,2
606,2
621,2
636,2
652,2
693,2
697,2
3056,2
4022,2
4331,2
4375,2
4384,2
594,2
610,2
624,2
640,2
656,2
3932,2
4334,2
4378,2
4388,2
4398,2
3933,2
3934,2
2181,2
281,2
699,2
4747,2
596,2
612,2
626,2
642,2
658,2
4336,2
4380,2
4390,2
4400,2
5265,2
597,2
613,2
627,2
643,2
659,2
1265,2
2189,2
4291,2
4381,2
4391,2
4401,2
618,2
620,2
622,2
4165,2
294,2
633,2
635,2
637,2
289,2
649,2
651,2
653,2
292,2
4374,2
4376,2
3165,2
4385,2
3172,2
4330,2
4332,2
587,2
603,2
1617,2
2038,2
2188,2
2353,2
2708,2
2860,2
4288,2
5207,2
589,2
605,2
2414,2
3164,2
591,2
607,2
1344,2
3170,2
4207,2
4131,2
4166,2
672,2
4161,2
5225,2
3157,2
702,2
711,2
793,2
823,2
827,2
794,2
824,2
3681,2
795,2
828,2
796,2
829,2
797,2
825,2
832,2
798,2
809,2
799,2
800,2
819,2
801,2
802,2
803,2
804,2
805,2
812,2
806,2
813,2
807,2
814,2
808,2
815,2
811,2
810,2
3876,2
816,2
817,2
818,2
833,2
820,2
821,2
822,2
830,2
831,2
826,2
5195,2
3552,2
5196,2
5276,2
1127,2
870,2
872,2
873,2
3175,2
5253,2
899,2
929,2
1831,2
900,2
950,2
922,2
947,2
902,2
924,2
903,2
923,2
936,2
907,2
952,2
908,2
953,2
909,2
954,2
910,2
955,2
911,2
956,2
912,2
957,2
913,2
958,2
914,2
959,2
915,2
960,2
916,2
961,2
917,2
964,2
918,2
962,2
919,2
963,2
930,2
965,2
921,2
966,2
931,2
967,2
968,2
933,2
938,2
940,2
942,2
944,2
946,2
969,2
925,2
970,2
926,2
932,2
937,2
939,2
941,2
943,2
945,2
971,2
927,2
951,2
3799,2
934,2
935,2
948,2
949,2
2815,2
975,2
977,2
1010,2
1434,2
1435,2
1436,2
2558,2
1024,2
1025,2
1026,2
1057,2
1048,2
2675,2
1030,2
1031,2
1041,2
1054,2
1055,2
1064,2
1043,2
4958,2
1047,2
4957,2
5211,2
1051,2
1062,2
1068,2
1052,2
1058,2
1067,2
1053,2
1063,2
1066,2
1056,2
1059,2
1060,2
1061,2
1069,2
1065,2
2845,2
1125,2
2211,2
2647,2
1458,2
1609,2
1622,2
1782,2
1784,2
2944,2
2970,2
2971,2
2972,2
2973,2
2974,2
2975,2
2976,2
2977,2
2978,2
2979,2
2980,2
2981,2
2982,2
2983,2
2985,2
3631,2
3632,2
3633,2
3634,2
3635,2
1133,2
1416,2
1428,2
2217,2
2218,2
2219,2
2220,2
2221,2
2222,2
2223,2
2224,2
2225,2
2226,2
2227,2
2228,2
2229,2
2230,2
2231,2
2232,2
2233,2
2234,2
2292,2
2571,2
2645,2
2646,2
2694,2
2695,2
2696,2
2697,2
2945,2
2946,2
2948,2
1156,2
5182,2
1157,2
3253,2
3566,2
5184,2
5152,2
3785,2
1184,2
3784,2
1186,2
1187,2
5162,2
1256,2
1257,2
1259,2
1566,2
1568,2
1570,2
1572,2
1576,2
1580,2
1606,2
1616,2
1713,2
1714,2
1752,2
1753,2
1754,2
1756,2
1777,2
1953,2
1959,2
1992,2
2264,2
2267,2
2268,2
2269,2
2270,2
2277,2
2280,2
2290,2
2356,2
2357,2
2358,2
2364,2
2367,2
2369,2
2370,2
2371,2
2372,2
2373,2
2374,2
2375,2
2377,2
2431,2
2434,2
2437,2
2440,2
2443,2
2450,2
2583,2
3254,2
3619,2
3911,2
3953,2
3960,2
3961,2
3963,2
3969,2
3987,2
4017,2
4028,2
4050,2
4051,2
4085,2
4108,2
4271,2
4283,2
4785,2
4787,2
4789,2
5228,2
4896,2
5128,2
4273,2
2632,2
1386,2
1400,2
1425,2
1401,2
1427,2
1402,2
1403,2
1411,2
1404,2
1405,2
1413,2
1406,2
1407,2
1408,2
1409,2
1417,2
1423,2
3143,2
1410,2
1418,2
1429,2
2786,2
1419,2
1412,2
1420,2
1430,2
2791,2
2793,2
1421,2
1414,2
1422,2
1415,2
2794,2
1426,2
2788,2
2789,2
1424,2
1431,2
2787,2
3267,2
1446,2
1448,2
1451,2
4844,2
3404,2
3513,2
3783,2
3040,2
3948,2
4149,2
2709,2
2599,2
2856,2
1877,2
3481,2
4150,2
2936,2
2216,2
2570,2
2842,2
3134,2
2214,2
2251,2
2237,2
2238,2
2239,2
2240,2
2241,2
2804,2
2242,2
2243,2
2808,2
2244,2
2245,2
2811,2
2246,2
2247,2
2248,2
2249,2
2250,2
2235,2
2807,2
2236,2
2798,2
2799,2
2800,2
2801,2
2802,2
2805,2
2806,2
2809,2
2810,2
2812,2
2813,2
2814,2
2795,2
2796,2
2797,2
5189,2
2293,2
2294,2
2296,2
3528,2
3529,2
3530,2
3095,2
2295,2
3719,2
4995,2
2639,2
2922,2
2644,2
2853,2
2640,2
2641,2
2642,2
2643,2
2941,2
3877,2
3878,2
3879,2
2679,2
3384,2
3094,2
3144,2
2803,2
3818,2
4164,2
3596,2
2720,2
2752,2
2784,2
2785,2
2790,2
2792,2
3096,2
3097,2
3098,2
2822,2
2843,2
2844,2
3179,2
2865,2
3177,2
4068,2
4301,2
5124,2
5138,2
5139,2
5197,2
5198,2
3667,2
3793,2
3555,2
3747,2
3198,2
3765,2
4654,2
3652,2
3795,2
3524,2
4425,2
3553,2
3594,2
3639,2
3665,2
3666,2
3670,2
3673,2
5154,2
5153,2
3794,2
3912,2
4272,2
5155,2
5156,2
5157,2
5188,2
983,3
27,3
41,3
53,3
703,3
709,3
722,3
726,3
741,3
752,3
754,3
759,3
761,3
762,3
764,3
767,3
772,3
776,3
850,3
853,3
856,3
859,3
1219,3
1231,3
1232,3
1237,3
1239,3
1240,3
1262,3
1263,3
1264,3
1269,3
1275,3
1278,3
1301,3
1351,3
1356,3
1357,3
1358,3
1359,3
1365,3
1367,3
1368,3
1369,3
1371,3
1373,3
1398,3
1462,3
1464,3
1466,3
1474,3
1483,3
1486,3
1489,3
1492,3
1498,3
1500,3
1516,3
1523,3
1526,3
1536,3
1543,3
1546,3
1585,3
1587,3
1610,3
1707,3
1818,3
1821,3
1824,3
1954,3
1955,3
1956,3
1957,3
1978,3
1981,3
1984,3
1986,3
1993,3
1996,3
1998,3
2032,3
2036,3
2171,3
2173,3
2176,3
2179,3
2302,3
2337,3
2338,3
2339,3
2340,3
2388,3
2393,3
2428,3
2460,3
2461,3
2462,3
2463,3
2464,3
2465,3
2466,3
2467,3
2468,3
2469,3
2470,3
2476,3
2477,3
2480,3
2481,3
2482,3
2483,3
2488,3
2489,3
2490,3
2491,3
2492,3
2493,3
2495,3
2497,3
2498,3
2499,3
2501,3
2503,3
2504,3
2505,3
2506,3
2507,3
2508,3
2509,3
2510,3
2511,3
2512,3
2513,3
2514,3
2515,3
2516,3
2517,3
2518,3
2519,3
2520,3
2521,3
2522,3
2523,3
2524,3
2525,3
2526,3
2527,3
2528,3
2529,3
2530,3
2531,3
2532,3
2538,3
2542,3
2543,3
2552,3
2567,3
2621,3
2631,3
2634,3
2737,3
2779,3
2885,3
2908,3
2958,3
2966,3
2988,3
2990,3
3037,3
3045,3
3055,3
3117,3
3202,3
3311,3
3353,3
3355,3
3356,3
3419,3
3519,3
3806,3
3815,3
3913,3
3947,3
3949,3
3962,3
3971,3
3983,3
4006,3
4019,3
4031,3
4033,3
4046,3
4054,3
4056,3
4060,3
4061,3
4070,3
4088,3
4096,3
4106,3
4109,3
4110,3
4113,3
4114,3
4218,3
4841,3
4964,3
5232,3
5281,3
2479,3
705,3
740,3
742,3
744,3
758,3
760,3
773,3
778,3
978,3
981,3
1091,3
1092,3
1093,3
1094,3
1190,3
1191,3
1193,3
1194,3
1195,3
1196,3
1199,3
1201,3
1202,3
1222,3
1283,3
1363,3
1455,3
1508,3
1558,3
1561,3
1793,3
1871,3
1939,3
1948,3
1989,3
2174,3
2177,3
2263,3
2266,3
2297,3
2298,3
2299,3
2300,3
2397,3
2419,3
2424,3
2564,3
2619,3
2672,3
2817,3
2880,3
2895,3
2957,3
3038,3
3039,3
3116,3
3139,3
3256,3
3332,3
3333,3
3334,3
3335,3
3343,3
3346,3
3347,3
3386,3
3417,3
3435,3
3436,3
3437,3
3438,3
3439,3
3441,3
3442,3
3443,3
3444,3
3445,3
3446,3
3456,3
3457,3
3458,3
3459,3
3460,3
3620,3
3696,3
3737,3
3868,3
3967,3
3979,3
3994,3
3997,3
4011,3
4012,3
4013,3
4014,3
4043,3
4076,3
4081,3
4100,3
4261,3
4961,3
5095,3
5108,3
3829,3
71,3
78,3
1352,3
1478,3
1481,3
1495,3
1503,3
1513,3
1520,3
1533,3
1540,3
2050,3
2054,3
2057,3
2060,3
2064,3
2067,3
2071,3
2112,3
2115,3
2118,3
2122,3
2125,3
2128,3
2131,3
2135,3
2139,3
2143,3
2149,3
2151,3
2154,3
2157,3
2160,3
2163,3
2166,3
2592,3
2653,3
2656,3
2657,3
2659,3
2661,3
2700,3
2703,3
2744,3
2938,3
3162,3
3168,3
3235,3
3251,3
3279,3
3292,3
3293,3
3318,3
3447,3
3448,3
3449,3
3451,3
3452,3
3453,3
3454,3
3455,3
3499,3
3531,3
3600,3
3603,3
3977,3
3995,3
4063,3
4065,3
4078,3
4097,3
4098,3
5289,3
2422,3
80,3
2748,3
3433,3
3450,3
3461,3
3642,3
4247,3
3357,3
3883,3
3214,3
700,3
3025,3
2047,3
743,3
1100,3
1102,3
1200,3
4053,3
4265,3
5270,3
5274,3
3590,3
4196,3
785,3
1378,3
2575,3
2882,3
4876,3
4877,3
4878,3
4900,3
4903,3
3301,3
3576,3
1004,3
3848,3
4267,3
1152,3
3698,3
1197,3
1198,3
1260,3
2667,3
3338,3
4151,3
1230,3
1242,3
2182,3
2183,3
2184,3
2185,3
2186,3
2626,3
3413,3
2780,3
2781,3
1353,3
3341,3
1354,3
1355,3
2037,3
3754,3
5100,3
3819,3
1433,3
5101,3
5102,3
5116,3
5146,3
2816,3
1602,3
3694,3
2684,3
1612,3
3403,3
1619,3
1624,3
3574,3
3585,3
1815,3
4156,3
1880,3
1875,3
1936,3
3421,3
1951,3
4158,3
1995,3
3348,3
1997,3
4064,3
3992,3
2051,3
2055,3
2058,3
2061,3
2065,3
2068,3
2072,3
3853,3
2116,3
2119,3
2123,3
2129,3
2132,3
2136,3
2138,3
2144,3
2152,3
3465,3
2155,3
3467,3
2158,3
2161,3
2164,3
2167,3
3693,3
3598,3
3119,3
2175,3
4084,3
2727,3
2749,3
2409,3
2394,3
2403,3
2411,3
2417,3
2418,3
3527,3
2420,3
2421,3
2689,3
2719,3
2736,3
3158,3
3388,3
3563,3
3713,3
3751,3
3946,3
4073,3
4105,3
4034,3
3230,3
3232,3
3069,3
5135,3
3880,3
3921,3
3532,3
4167,3
3237,3
3434,3
2755,3
3888,3
3645,3
3691,3
2861,3
3734,3
3238,3
2986,3
2987,3
3239,3
3240,3
4171,3
3233,3
3252,3
3463,3
3741,3
5223,3
4140,3
3376,3
3501,3
3811,3
3601,3
3729,3
4139,3
4174,3
5279,3
3804,4
3550,4
3546,4
3739,4
3544,4
3548,4
871,4
3675,4
3685,4
878,4
2836,4
3383,4
879,4
2837,4
880,4
2838,4
881,4
2839,4
882,4
2840,4
883,4
2841,4
884,4
2823,4
885,4
2824,4
886,4
2825,4
887,4
2826,4
888,4
2827,4
889,4
2828,4
890,4
2569,4
891,4
2830,4
892,4
2831,4
893,4
2832,4
894,4
1032,4
1036,4
1044,4
2262,4
2275,4
2276,4
4819,4
4821,4
5212,4
1135,4
1138,4
1141,4
1145,4
1339,4
1391,4
1567,4
1569,4
1571,4
1573,4
1575,4
1577,4
1579,4
1581,4
1583,4
1628,4
1629,4
1630,4
1631,4
1632,4
1633,4
1634,4
1635,4
1636,4
1637,4
1642,4
1643,4
1644,4
1645,4
1646,4
1647,4
1648,4
1649,4
1652,4
1846,4
1848,4
1849,4
1851,4
2003,4
2004,4
2005,4
2006,4
2007,4
2008,4
2009,4
2010,4
2011,4
2012,4
2013,4
2014,4
2015,4
2016,4
2017,4
2018,4
2019,4
2020,4
2021,4
2022,4
2023,4
2024,4
2025,4
2026,4
2027,4
2028,4
2212,4
2278,4
2281,4
2285,4
2286,4
2287,4
2314,4
2319,4
2320,4
2321,4
2322,4
2365,4
2368,4
2633,4
2775,4
2776,4
2829,4
2833,4
2834,4
2835,4
2850,4
2851,4
2852,4
2863,4
2864,4
2866,4
2867,4
3099,4
3100,4
3101,4
3102,4
3103,4
3104,4
3105,4
3106,4
3107,4
3108,4
3109,4
3110,4
3111,4
3112,4
3113,4
3114,4
3115,4
3130,4
3131,4
3132,4
3133,4
3538,4
3539,4
3540,4
3541,4
3542,4
3628,4
3629,4
3630,4
3738,4
3775,4
3776,4
3777,4
3778,4
3833,4
4230,4
4233,4
4235,4
4239,4
5190,4
5191,4
5192,4
5193,4
5194,4
2579,4
5208,4
3727,4
3382,4
2257,4
3647,4
3800,4
3661,4
3816,4
3761,4
3759,4
3757,4
3363,4
3545,4
3547,4
3549,4
3551,4
3595,4
3671,4
3674,4
3740,4
3758,4
3760,4
3762,4
5278,4
3817,4
4175,4
4252,4
30,5
1021,5
1364,5
1456,5
1480,5
1482,5
1496,5
1505,5
1509,5
1514,5
1522,5
1534,5
1542,5
1548,5
1549,5
1551,5
1553,5
1555,5
1559,5
1562,5
1949,5
2041,5
2042,5
2043,5
2044,5
2045,5
2046,5
2398,5
2455,5
2456,5
2457,5
2458,5
2459,5
2471,5
2472,5
2473,5
2474,5
2475,5
2478,5
2484,5
2485,5
2486,5
2487,5
2494,5
2496,5
2500,5
2502,5
2533,5
2534,5
2535,5
2536,5
2537,5
2539,5
2540,5
2541,5
2544,5
2545,5
2546,5
2547,5
2548,5
2553,5
2554,5
2555,5
3121,5
3187,5
3188,5
3228,5
3246,5
3260,5
3337,5
3580,5
3581,5
3990,5
4037,5
4045,5
5097,5
5109,5
5143,5
5290,5
5293,5
3697,5
43,5
2196,5
2668,5
5015,5
45,5
2608,5
723,5
4266,5
727,5
735,5
738,5
739,5
765,5
768,5
777,5
851,5
854,5
857,5
860,5
1205,5
1207,5
1209,5
1224,5
1226,5
1381,5
1484,5
1490,5
1499,5
1501,5
1517,5
1524,5
1537,5
1544,5
1550,5
1556,5
2145,5
2146,5
2147,5
2148,5
2180,5
2187,5
2324,5
2325,5
2432,5
2435,5
2438,5
2441,5
2444,5
2445,5
2446,5
2447,5
2451,5
2713,5
3189,5
3190,5
3191,5
3282,5
3298,5
3394,5
3789,5
4111,5
4193,5
4202,5
5145,5
5199,5
5205,5
5222,5
5291,5
5292,5
736,5
5227,5
750,5
4262,5
771,5
5237,5
781,5
786,5
2704,5
4797,5
3423,5
5247,5
5233,5
3850,5
1227,5
1476,5
1494,5
1518,5
1538,5
1552,5
1554,5
2048,5
2141,5
2590,5
2940,5
3297,5
4107,5
5137,5
3644,5
4168,5
3387,5
1150,5
1589,5
2702,5
1453,5
1475,5
1530,5
2034,5
4032,5
1463,5
1487,5
1493,5
1527,5
1547,5
3299,5
3803,5
3970,5
3975,5
5144,5
3090,5
3280,5
4039,5
2069,5
2381,5
3572,5
3495,5
3320,5
3838,5
5236,5
5235,5
5234,5
3730,5
3854,5
3925,5
2648,5
3210,5
3379,5
5269,5
5260,5
2395,5
4041,5
2701,5
2549,5
2550,5
2551,5
3204,5
2624,5
3677,5
3507,5
2730,5
2891,5
2733,5
2926,5
3659,5
3735,5
2964,5
5230,5
5226,5
5261,5
3583,5
3308,5
3393,5
5204,5
5219,5
5221,5
3392,5
3656,5
3916,5
3845,5
3924,5
5229,5
5218,5
5203,5
5209,6
4059,6
1285,7
1286,7
1287,7
3841,7
3414,7
5287,7
